1000094
1000695
1000688
1000629
1000540
1000632
1000668
1000155
1000016
1000561
1000166
1000275
1000192
1000711
1000072
1000636
1000674
1000735
1000044
1000373
1000229
1000295
1000312
1000306
1000187
1000091
1000369
1000054
1000026
1000212
1000359
1000720
1000357
1000201
1000726
1000425
1000682
1000673
1000168
1000349
1000277
1000266
1000055
1000263
1000536
1000389
1000249
1000328
1000093
1000497
1000062
1000273
1000443
1000314
1000588
1000292
1000413
1000511
1000126
1000255
1000123
1000546
1000681
1000013
1000431
1000417
1000109
1000004
1000171
1000586
1000276
1000552
1000418
1000694
1000342
1000560
1000116
1000308
1000383
1000183
1000244
1000403
1000089
1000284
1000655
1000285
1000570
1000142
1000184
1000327
1000601
1000506
1000623
1000555
1000362
1000242
1000562
1000338
1000152
1000651
1000525
1000233
1000097
1000225
1000073
1000424
1000238
1000661
1000206
1000652
1000545
1000248
1000194
1000131
1000708
1000153
1000258
1000557
1000513
1000522
1000281
1000630
1000521
1000227
1000236
1000639
1000704
1000251
1000368
1000082
1000259
1000272
1000569
1000609
1000095
1000713
1000719
1000324
1000100
1000378
1000364
1000137
1000550
1000645
1000577
1000228
1000203
1000392
1000612
1000662
1000278
1000352
1000235
1000603
1000523
1000382
1000437
1000012
1000584
1000565
1000224
1000520
1000504
1000319
1000590
1000744
1000178
1000307
1000394
1000576
1000329
1000009
1000067
1000656
1000015
1000219
1000322
1000138
1000554
1000143
1000518
1000653
1000358
1000033
1000657
1000709
1000678
1000260
1000313
1000139
1000049
1000396
1000444
1000262
1000191
1000547
1000659
1000074
1000436
1000202
1000005
1000001
1000173
1000117
1000376
1000381
1000712
1000450
1000146
1000407
1000122
1000222
1000648
1000515
1000548
1000393
1000696
1000532
1000022
1000707
1000186
1000083
1000372
1000119
1000046
1000047
1000156
1000145
1000732
1000040
1000510
1000702
1000144
1000582
1000402
1000098
1000190
1000689
1000113
1000066
1000264
1000107
1000433
1000053
1000185
1000286
1000316
1000391
1000730
1000589
1000305
1000572
1000697
1000456
1000675
1000197
1000019
1000254
1000102
1000405
1000294
1000635
1000679
1000722
1000158
1000677
1000663
1000193
1000559
1000529
1000370
1000578
1000596
1000165
1000553
1000304
1000052
1000464
1000538
1000340
1000141
1000684
1000676
1000374
1000544
1000057
1000599
1000129
1000534
1000030
1000070
1000701
1000007
1000634
1000597
1000025
1000114
1000028
1000115
1000686
1000605
1000714
1000526
1000738
1000310
1000637
1000056
1000564
1000325
1000014
1000289
1000092
1000079
1000591
1000621
1000086
1000265
1000595
1000693
1000723
1000699
1000438
1000440
1000641
1000279
1000188
1000385
1000539
1000336
1000081
1000309
1000377
1000422
1000535
1000718
1000423
1000010
1000387
1000234
1000075
1000334
1000002
1000705
1000061
1000011
1000058
1000174
1000204
1000133
1000148
1000256
1000399
1000421
1000427
1000524
1000617
1000034
1000042
1000084
1000121
1000130
1000161
1000213
1000223
1000241
1000246
1000253
1000283
1000299
1000333
1000341
1000563
1000607
1000626
1000654
1000666
1000669
1000737
1000742
1000031
1000646
1000008
1000027
1000041
1000059
1000071
1000140
1000179
1000211
1000243
1000274
1000339
1000384
1000442
1000541
1000580
1000594
1000628
1000721
1000069
1000087
1000215
1000269
1000287
1000291
1000302
1000303
1000326
1000355
1000363
1000414
1000430
1000501
1000507
1000556
1000573
1000619
1000622
1000624
1000642
1000736
1000020
1000390
1000395
1000503
1000558
1000579
1000593
1000683
1000691
1000162
1000038
